00 0000000000000000000000000000000000000000000000000
10 0000000000000000000000000000000000000000000000000
00 0000000000000000000000000000000000000000000000000
10 0000000000000000000000000000000000000000000000000
00 0000000000000000000000000000000000000000000000000
10 0000000000000000000000000000000000000000000000000
00 0000000000000000000000000000000000000000000000000
10 0000000000000000000000000000000000000000000000000
00 0000000000000000000000000000000000000000000000000
10 0000000000000000000000000000000000000000000000000
00 0000000000000000000000000000000000000000000000000
10 0000000000000000000000000000000000000000000000000
00 0000000000000000000000000000000000000000000000000
10 0000000000000000000000000000000000000000000000000
00 0000000000000000000000000000000000000000000000000
10 0000000000000000000000000000000000000000000000000
00 0000000000000000000000000000000000000000000000000
10 0000000000000000000000000000000000000000000000000
00 0000000000000000000000000000000000000000000000000
10 0000000000000000000000000000000000000000000000000
00 0000000000000000000000000000000000000000000000001
10 0000000000000000000000000000000000000000000000001
00 0000000000000000000000000000000000000000000000001
10 0000000000000000000000000000000000000000000000001
00 0000000000000000000000000000000000000000000000001
10 0000000000000000000000000000000000000000000000001
00 0000000000000000000000000000000000000000000000001
10 0000000000000000000000000000000000000000000000001
00 0000000000000000000000000000000000000000000000001
10 0000000000000000000000000000000000000000000000001
00 0000000000000000000000000000000000000000000000001
10 0000000000000000000000000000000000000000000000001
00 0000000000000000000000000000000000000000000000001
10 0000000000000000000000000000000000000000000000001
00 0000000000000000000000000000000000000000000000001
10 0000000000000000000000000000000000000000000000001
00 0000000000000000000000000000000000000000000000001
10 0000000000000000000000000000000000000000000000001
